image_width: 1280
image_height: 720
camera_name: head_camera
camera_matrix:
  rows: 3
  cols: 3
  data: [1101.107438, 0.000000, 604.565580, 0.000000, 1095.367233, 365.568908, 0.000000, 0.000000, 1.000000]
distortion_model: plumb_bob
distortion_coefficients:
  rows: 1
  cols: 5
  data: [-0.024577, -0.094648, 0.004040, -0.007541, 0.000000]
rectification_matrix:
  rows: 3
  cols: 3
  data: [1.000000, 0.000000, 0.000000, 0.000000, 1.000000, 0.000000, 0.000000, 0.000000, 1.000000]
projection_matrix:
  rows: 3
  cols: 4
  data: [1075.449951, 0.000000, 592.554589, 0.000000, 0.000000, 1092.296753, 367.155067, 0.000000, 0.000000, 0.000000, 1.000000, 0.000000]
